 Point_source             
  SWAT+ Jun 17 2024        MODULAR Rev 2024.61.0                                
  
                                                                            --YIELD (kg/ha)--
  jday   mon   day    yr    unit PLANTNM                         MASS          C           N           P
     1     1     1  2025       9    frsd                        0.000       0.000       0.000       0.000
     1     1     1  2025      10    frsd                        0.000       0.000       0.000       0.000
     1     1     1  2025      20    hay                         0.000       0.000       0.000       0.000
     1     1     1  2025      24    hay                         0.000       0.000       0.000       0.000
     1     1     1  2025      31    hay                         0.000       0.000       0.000       0.000
     1     1     1  2025      32    hay                         0.000       0.000       0.000       0.000
     1     1     1  2025      33    hay                         0.000       0.000       0.000       0.000
     1     1     1  2025      34    hay                         0.000       0.000       0.000       0.000
     1     1     1  2025      35    hay                         0.000       0.000       0.000       0.000
     1     1     1  2025      36    hay                         0.000       0.000       0.000       0.000
     1     1     1  2025      43    hay                         0.000       0.000       0.000       0.000
     1     1     1  2025      44    hay                         0.000       0.000       0.000       0.000
     1     1     1  2025      53    hay                         0.000       0.000       0.000       0.000
     1     1     1  2025      63    hay                         0.000       0.000       0.000       0.000
     1     1     1  2025      64    hay                         0.000       0.000       0.000       0.000
     1     1     1  2025      65    hay                         0.000       0.000       0.000       0.000
     1     1     1  2025      67    hay                         0.000       0.000       0.000       0.000
     1     1     1  2025      69    hay                         0.000       0.000       0.000       0.000
     1     1     1  2025      70    hay                         0.000       0.000       0.000       0.000
     1     1     1  2025      71    frst                        0.000       0.000       0.000       0.000
     1     1     1  2025      73    hay                         0.000       0.000       0.000       0.000
     1     1     1  2025      74    hay                         0.000       0.000       0.000       0.000
     1     1     1  2025      78    hay                         0.000       0.000       0.000       0.000
     1     1     1  2025      79    hay                         0.000       0.000       0.000       0.000
     1     1     1  2025      80    hay                         0.000       0.000       0.000       0.000
     1     1     1  2025      81    hay                         0.000       0.000       0.000       0.000
     1     1     1  2025      82    hay                         0.000       0.000       0.000       0.000
     1     1     1  2025      83    hay                         0.000       0.000       0.000       0.000
     1     1     1  2025      91    hay                         0.000       0.000       0.000       0.000
     1     1     1  2025      98    hay                         0.000       0.000       0.000       0.000
     1     1     1  2025     102    hay                         0.000       0.000       0.000       0.000
     1     1     1  2025     103    hay                         0.000       0.000       0.000       0.000
     1     1     1  2025     108    hay                         0.000       0.000       0.000       0.000
     1     1     1  2025     109    hay                         0.000       0.000       0.000       0.000
     1     1     1  2025     110    hay                         0.000       0.000       0.000       0.000
     1     1     1  2025     113    hay                         0.000       0.000       0.000       0.000
     1     1     1  2025     114    hay                         0.000       0.000       0.000       0.000
     1     1     1  2025     115    hay                         0.000       0.000       0.000       0.000
     1     1     1  2025     116    hay                         0.000       0.000       0.000       0.000
     1     1     1  2025     117    hay                         0.000       0.000       0.000       0.000
     1     1     1  2025     120    agrr                        0.000       0.000       0.000       0.000
     1     1     1  2025     121    agrr                        0.000       0.000       0.000       0.000
     1     1     1  2025     124    agrr                        0.000       0.000       0.000       0.000
     1     1     1  2025     125    agrr                        0.000       0.000       0.000       0.000
     1     1     1  2025     126    hay                         0.000       0.000       0.000       0.000
     1     1     1  2025     131    agrr                        0.000       0.000       0.000       0.000
     1     1     1  2025     136    agrr                        0.000       0.000       0.000       0.000
     1     1     1  2025     137    hay                         0.000       0.000       0.000       0.000
     1     1     1  2025     138    hay                         0.000       0.000       0.000       0.000
     1     1     1  2025     140    hay                         0.000       0.000       0.000       0.000
     1     1     1  2025     142    frsd                        0.000       0.000       0.000       0.000
     1     1     1  2025     143    hay                         0.000       0.000       0.000       0.000
     1     1     1  2025     144    hay                         0.000       0.000       0.000       0.000
     1     1     1  2025     145    frsd                        0.000       0.000       0.000       0.000
     1     1     1  2025     146    frsd                        0.000       0.000       0.000       0.000
     1     1     1  2025     147    hay                         0.000       0.000       0.000       0.000
     1     1     1  2025     148    hay                         0.000       0.000       0.000       0.000
     1     1     1  2025     149    hay                         0.000       0.000       0.000       0.000
     1     1     1  2025     151    hay                         0.000       0.000       0.000       0.000
     1     1     1  2025     152    hay                         0.000       0.000       0.000       0.000
     1     1     1  2025     154    hay                         0.000       0.000       0.000       0.000
     1     1     1  2025     155    hay                         0.000       0.000       0.000       0.000
     1     1     1  2025     156    hay                         0.000       0.000       0.000       0.000
     1     1     1  2025     157    hay                         0.000       0.000       0.000       0.000
     1     1     1  2025     158    hay                         0.000       0.000       0.000       0.000
     1     1     1  2025     159    hay                         0.000       0.000       0.000       0.000
     1     1     1  2025     160    hay                         0.000       0.000       0.000       0.000
     1     1     1  2025     161    hay                         0.000       0.000       0.000       0.000
     1     1     1  2025     162    hay                         0.000       0.000       0.000       0.000
     1     1     1  2025     163    hay                         0.000       0.000       0.000       0.000
     1     1     1  2025     164    hay                         0.000       0.000       0.000       0.000
     1     1     1  2025     166    hay                         0.000       0.000       0.000       0.000
     1     1     1  2025     167    hay                         0.000       0.000       0.000       0.000
     1     1     1  2025     168    hay                         0.000       0.000       0.000       0.000
     1     1     1  2025     169    hay                         0.000       0.000       0.000       0.000
     1     1     1  2025     170    hay                         0.000       0.000       0.000       0.000
     1     1     1  2025     173    hay                         0.000       0.000       0.000       0.000
     1     1     1  2025     174    hay                         0.000       0.000       0.000       0.000
     1     1     1  2025     179    hay                         0.000       0.000       0.000       0.000
     1     1     1  2025     180    hay                         0.000       0.000       0.000       0.000
     1     1     1  2025     185    hay                         0.000       0.000       0.000       0.000
     1     1     1  2025     186    hay                         0.000       0.000       0.000       0.000
     1     1     1  2025     187    hay                         0.000       0.000       0.000       0.000
     1     1     1  2025     196    hay                         0.000       0.000       0.000       0.000
     1     1     1  2025     197    hay                         0.000       0.000       0.000       0.000
     1     1     1  2025     200    hay                         0.000       0.000       0.000       0.000
     1     1     1  2025     201    hay                         0.000       0.000       0.000       0.000
     1     1     1  2025     202    hay                         0.000       0.000       0.000       0.000
     1     1     1  2025     203    hay                         0.000       0.000       0.000       0.000
     1     1     1  2025     241    hay                         0.000       0.000       0.000       0.000
     1     1     1  2025     242    hay                         0.000       0.000       0.000       0.000
     1     1     1  2025     290    frst                        0.000       0.000       0.000       0.000
     1     1     1  2025     291    frst                        0.000       0.000       0.000       0.000
     1     1     1  2025     298    hay                         0.000       0.000       0.000       0.000
     1     1     1  2025     336    hay                         0.000       0.000       0.000       0.000
     1     1     1  2025     344    hay                         0.000       0.000       0.000       0.000
     1     1     1  2025     345    hay                         0.000       0.000       0.000       0.000
     1     1     1  2025     346    hay                         0.000       0.000       0.000       0.000
     1     1     1  2025     347    hay                         0.000       0.000       0.000       0.000
     1     1     1  2025     348    hay                         0.000       0.000       0.000       0.000
     1     1     1  2025     349    hay                         0.000       0.000       0.000       0.000
     1     1     1  2025     350    hay                         0.000       0.000       0.000       0.000
     1     1     1  2025     351    hay                         0.000       0.000       0.000       0.000
     1     1     1  2025     352    hay                         0.000       0.000       0.000       0.000
     1     1     1  2025     355    hay                         0.000       0.000       0.000       0.000
     1     1     1  2025     360    hay                         0.000       0.000       0.000       0.000
     1     1     1  2025     361    hay                         0.000       0.000       0.000       0.000
     1     1     1  2025     363    hay                         0.000       0.000       0.000       0.000
     1     1     1  2025     364    hay                         0.000       0.000       0.000       0.000
     1     1     1  2025     365    hay                         0.000       0.000       0.000       0.000
     1     1     1  2025     366    hay                         0.000       0.000       0.000       0.000
     1     1     1  2025     367    hay                         0.000       0.000       0.000       0.000
     1     1     1  2025     368    hay                         0.000       0.000       0.000       0.000
     1     1     1  2025     369    hay                         0.000       0.000       0.000       0.000
     1     1     1  2025     376    hay                         0.000       0.000       0.000       0.000
     1     1     1  2025     377    hay                         0.000       0.000       0.000       0.000
     1     1     1  2025     382    hay                         0.000       0.000       0.000       0.000
     1     1     1  2025     383    hay                         0.000       0.000       0.000       0.000
     1     1     1  2025     387    hay                         0.000       0.000       0.000       0.000
     1     1     1  2025     389    hay                         0.000       0.000       0.000       0.000
     1     1     1  2025     390    hay                         0.000       0.000       0.000       0.000
     1     1     1  2025     391    hay                         0.000       0.000       0.000       0.000
     1     1     1  2025     396    hay                         0.000       0.000       0.000       0.000
     1     1     1  2025     397    hay                         0.000       0.000       0.000       0.000
     1     1     1  2025     406    hay                         0.000       0.000       0.000       0.000
     1     1     1  2025     407    hay                         0.000       0.000       0.000       0.000
     1     1     1  2025     410    hay                         0.000       0.000       0.000       0.000
     1     1     1  2025     413    hay                         0.000       0.000       0.000       0.000
     1     1     1  2025     417    frsd                        0.000       0.000       0.000       0.000
     1     1     1  2025     419    frsd                        0.000       0.000       0.000       0.000
     1     1     1  2025     421    frsd                        0.000       0.000       0.000       0.000
     1     1     1  2025     425    frsd                        0.000       0.000       0.000       0.000
     1     1     1  2025     426    hay                         0.000       0.000       0.000       0.000
     1     1     1  2025     428    hay                         0.000       0.000       0.000       0.000
     1     1     1  2025     429    hay                         0.000       0.000       0.000       0.000
     1     1     1  2025     430    hay                         0.000       0.000       0.000       0.000
     1     1     1  2025     432    hay                         0.000       0.000       0.000       0.000
     1     1     1  2025     438    hay                         0.000       0.000       0.000       0.000
     1     1     1  2025     439    hay                         0.000       0.000       0.000       0.000
     1     1     1  2025     440    hay                         0.000       0.000       0.000       0.000
     1     1     1  2025     441    hay                         0.000       0.000       0.000       0.000
     1     1     1  2025     445    hay                         0.000       0.000       0.000       0.000
     1     1     1  2025     447    hay                         0.000       0.000       0.000       0.000
     1     1     1  2025     448    hay                         0.000       0.000       0.000       0.000
     1     1     1  2025     449    hay                         0.000       0.000       0.000       0.000
     1     1     1  2025     450    hay                         0.000       0.000       0.000       0.000
     1     1     1  2025     451    hay                         0.000       0.000       0.000       0.000
     1     1     1  2025     452    hay                         0.000       0.000       0.000       0.000
     1     1     1  2025     453    hay                         0.000       0.000       0.000       0.000
     1     1     1  2025     454    hay                         0.000       0.000       0.000       0.000
     1     1     1  2025     455    hay                         0.000       0.000       0.000       0.000
     1     1     1  2025     456    hay                         0.000       0.000       0.000       0.000
     1     1     1  2025     457    hay                         0.000       0.000       0.000       0.000
     1     1     1  2025     458    hay                         0.000       0.000       0.000       0.000
     1     1     1  2025     459    hay                         0.000       0.000       0.000       0.000
     1     1     1  2025     460    hay                         0.000       0.000       0.000       0.000
     1     1     1  2025     461    hay                         0.000       0.000       0.000       0.000
     1     1     1  2025     463    hay                         0.000       0.000       0.000       0.000
     1     1     1  2025     466    frsd                        0.000       0.000       0.000       0.000
     1     1     1  2025     468    hay                         0.000       0.000       0.000       0.000
     1     1     1  2025     476    hay                         0.000       0.000       0.000       0.000
     1     1     1  2025     477    hay                         0.000       0.000       0.000       0.000
     1     1     1  2025     479    hay                         0.000       0.000       0.000       0.000
     1     1     1  2025     480    hay                         0.000       0.000       0.000       0.000
     1     1     1  2025     481    hay                         0.000       0.000       0.000       0.000
     1     1     1  2025     484    frsd                        0.000       0.000       0.000       0.000
     1     1     1  2025     485    frsd                        0.000       0.000       0.000       0.000
     1     1     1  2025     486    frsd                        0.000       0.000       0.000       0.000
     1     1     1  2025     488    frsd                        0.000       0.000       0.000       0.000
     1     1     1  2025     489    hay                         0.000       0.000       0.000       0.000
     1     1     1  2025     490    hay                         0.000       0.000       0.000       0.000
     1     1     1  2025     491    hay                         0.000       0.000       0.000       0.000
     1     1     1  2025     492    hay                         0.000       0.000       0.000       0.000
     1     1     1  2025     493    hay                         0.000       0.000       0.000       0.000
     1     1     1  2025     495    hay                         0.000       0.000       0.000       0.000
     1     1     1  2025     497    hay                         0.000       0.000       0.000       0.000
     1     1     1  2025     498    agrr                        0.000       0.000       0.000       0.000
     1     1     1  2025     499    hay                         0.000       0.000       0.000       0.000
     1     1     1  2025     500    hay                         0.000       0.000       0.000       0.000
     1     1     1  2025     501    agrr                        0.000       0.000       0.000       0.000
     1     1     1  2025     502    agrr                        0.000       0.000       0.000       0.000
     1     1     1  2025     503    hay                         0.000       0.000       0.000       0.000
     1     1     1  2025     504    agrr                        0.000       0.000       0.000       0.000
     1     1     1  2025     505    hay                         0.000       0.000       0.000       0.000
     1     1     1  2025     506    agrr                        0.000       0.000       0.000       0.000
     1     1     1  2025     507    agrr                        0.000       0.000       0.000       0.000
     1     1     1  2025     508    agrr                        0.000       0.000       0.000       0.000
     1     1     1  2025     509    agrr                        0.000       0.000       0.000       0.000
     1     1     1  2025     510    hay                         0.000       0.000       0.000       0.000
     1     1     1  2025     511    hay                         0.000       0.000       0.000       0.000
     1     1     1  2025     512    hay                         0.000       0.000       0.000       0.000
     1     1     1  2025     513    hay                         0.000       0.000       0.000       0.000
     1     1     1  2025     514    hay                         0.000       0.000       0.000       0.000
     1     1     1  2025     515    hay                         0.000       0.000       0.000       0.000
     1     1     1  2025     516    agrr                        0.000       0.000       0.000       0.000
     1     1     1  2025     517    hay                         0.000       0.000       0.000       0.000
     1     1     1  2025     518    hay                         0.000       0.000       0.000       0.000
     1     1     1  2025     519    hay                         0.000       0.000       0.000       0.000
     1     1     1  2025     520    agrr                        0.000       0.000       0.000       0.000
     1     1     1  2025     521    agrr                        0.000       0.000       0.000       0.000
     1     1     1  2025     522    agrr                        0.000       0.000       0.000       0.000
     1     1     1  2025     523    agrr                        0.000       0.000       0.000       0.000
     1     1     1  2025     524    frsd                        0.000       0.000       0.000       0.000
     1     1     1  2025     525    hay                         0.000       0.000       0.000       0.000
     1     1     1  2025     526    frsd                        0.000       0.000       0.000       0.000
     1     1     1  2025     527    hay                         0.000       0.000       0.000       0.000
     1     1     1  2025     528    agrr                        0.000       0.000       0.000       0.000
     1     1     1  2025     529    hay                         0.000       0.000       0.000       0.000
     1     1     1  2025     530    agrr                        0.000       0.000       0.000       0.000
     1     1     1  2025     531    agrr                        0.000       0.000       0.000       0.000
     1     1     1  2025     532    hay                         0.000       0.000       0.000       0.000
     1     1     1  2025     533    hay                         0.000       0.000       0.000       0.000
     1     1     1  2025     534    hay                         0.000       0.000       0.000       0.000
     1     1     1  2025     535    agrr                        0.000       0.000       0.000       0.000
     1     1     1  2025     536    hay                         0.000       0.000       0.000       0.000
     1     1     1  2025     537    hay                         0.000       0.000       0.000       0.000
     1     1     1  2025     538    hay                         0.000       0.000       0.000       0.000
     1     1     1  2025     539    agrr                        0.000       0.000       0.000       0.000
     1     1     1  2025     540    hay                         0.000       0.000       0.000       0.000
     1     1     1  2025     541    hay                         0.000       0.000       0.000       0.000
     1     1     1  2025     542    hay                         0.000       0.000       0.000       0.000
     1     1     1  2025     543    hay                         0.000       0.000       0.000       0.000
     1     1     1  2025     544    hay                         0.000       0.000       0.000       0.000
     1     1     1  2025     545    agrr                        0.000       0.000       0.000       0.000
     1     1     1  2025     546    hay                         0.000       0.000       0.000       0.000
     1     1     1  2025     547    hay                         0.000       0.000       0.000       0.000
     1     1     1  2025     548    hay                         0.000       0.000       0.000       0.000
     1     1     1  2025     549    hay                         0.000       0.000       0.000       0.000
     1     1     1  2025     550    hay                         0.000       0.000       0.000       0.000
     1     1     1  2025     551    agrr                        0.000       0.000       0.000       0.000
     1     1     1  2025     552    hay                         0.000       0.000       0.000       0.000
     1     1     1  2025     553    hay                         0.000       0.000       0.000       0.000
     1     1     1  2025     554    hay                         0.000       0.000       0.000       0.000
     1     1     1  2025     555    hay                         0.000       0.000       0.000       0.000
     1     1     1  2025     556    hay                         0.000       0.000       0.000       0.000
     1     1     1  2025     557    hay                         0.000       0.000       0.000       0.000
     1     1     1  2025     558    hay                         0.000       0.000       0.000       0.000
     1     1     1  2025     559    agrr                        0.000       0.000       0.000       0.000
     1     1     1  2025     560    hay                         0.000       0.000       0.000       0.000
     1     1     1  2025     561    hay                         0.000       0.000       0.000       0.000
     1     1     1  2025     562    hay                         0.000       0.000       0.000       0.000
     1     1     1  2025     563    hay                         0.000       0.000       0.000       0.000
     1     1     1  2025     564    hay                         0.000       0.000       0.000       0.000
     1     1     1  2025     565    hay                         0.000       0.000       0.000       0.000
     1     1     1  2025     566    hay                         0.000       0.000       0.000       0.000
     1     1     1  2025     567    agrr                        0.000       0.000       0.000       0.000
     1     1     1  2025     569    hay                         0.000       0.000       0.000       0.000
     1     1     1  2025     570    agrr                        0.000       0.000       0.000       0.000
     1     1     1  2025     571    hay                         0.000       0.000       0.000       0.000
     1     1     1  2025     572    hay                         0.000       0.000       0.000       0.000
     1     1     1  2025     573    hay                         0.000       0.000       0.000       0.000
     1     1     1  2025     574    hay                         0.000       0.000       0.000       0.000
     1     1     1  2025     575    hay                         0.000       0.000       0.000       0.000
     1     1     1  2025     576    agrr                        0.000       0.000       0.000       0.000
     1     1     1  2025     577    hay                         0.000       0.000       0.000       0.000
     1     1     1  2025     578    hay                         0.000       0.000       0.000       0.000
     1     1     1  2025     579    agrr                        0.000       0.000       0.000       0.000
     1     1     1  2025     580    hay                         0.000       0.000       0.000       0.000
     1     1     1  2025     581    hay                         0.000       0.000       0.000       0.000
     1     1     1  2025     582    agrr                        0.000       0.000       0.000       0.000
     1     1     1  2025     583    agrr                        0.000       0.000       0.000       0.000
     1     1     1  2025     584    agrr                        0.000       0.000       0.000       0.000
     1     1     1  2025     585    hay                         0.000       0.000       0.000       0.000
     1     1     1  2025     586    hay                         0.000       0.000       0.000       0.000
     1     1     1  2025     587    hay                         0.000       0.000       0.000       0.000
     1     1     1  2025     588    hay                         0.000       0.000       0.000       0.000
     1     1     1  2025     589    hay                         0.000       0.000       0.000       0.000
     1     1     1  2025     590    hay                         0.000       0.000       0.000       0.000
     1     1     1  2025     591    hay                         0.000       0.000       0.000       0.000
     1     1     1  2025     592    hay                         0.000       0.000       0.000       0.000
     1     1     1  2025     593    hay                         0.000       0.000       0.000       0.000
     1     1     1  2025     594    hay                         0.000       0.000       0.000       0.000
     1     1     1  2025     595    hay                         0.000       0.000       0.000       0.000
     1     1     1  2025     596    hay                         0.000       0.000       0.000       0.000
     1     1     1  2025     597    hay                         0.000       0.000       0.000       0.000
     1     1     1  2025     598    hay                         0.000       0.000       0.000       0.000
     1     1     1  2025     599    hay                         0.000       0.000       0.000       0.000
     1     1     1  2025     600    hay                         0.000       0.000       0.000       0.000
     1     1     1  2025     601    agrr                        0.000       0.000       0.000       0.000
     1     1     1  2025     602    hay                         0.000       0.000       0.000       0.000
     1     1     1  2025     603    agrr                        0.000       0.000       0.000       0.000
     1     1     1  2025     604    hay                         0.000       0.000       0.000       0.000
     1     1     1  2025     605    hay                         0.000       0.000       0.000       0.000
     1     1     1  2025     606    hay                         0.000       0.000       0.000       0.000
     1     1     1  2025     607    hay                         0.000       0.000       0.000       0.000
     1     1     1  2025     608    hay                         0.000       0.000       0.000       0.000
     1     1     1  2025     609    hay                         0.000       0.000       0.000       0.000
     1     1     1  2025     610    hay                         0.000       0.000       0.000       0.000
     1     1     1  2025     611    hay                         0.000       0.000       0.000       0.000
     1     1     1  2025     612    hay                         0.000       0.000       0.000       0.000
     1     1     1  2025     613    hay                         0.000       0.000       0.000       0.000
     1     1     1  2025     614    hay                         0.000       0.000       0.000       0.000
     1     1     1  2025     615    hay                         0.000       0.000       0.000       0.000
     1     1     1  2025     616    hay                         0.000       0.000       0.000       0.000
     1     1     1  2025     617    hay                         0.000       0.000       0.000       0.000
     1     1     1  2025     618    frsd                        0.000       0.000       0.000       0.000
     1     1     1  2025     619    frsd                        0.000       0.000       0.000       0.000
     1     1     1  2025     620    hay                         0.000       0.000       0.000       0.000
     1     1     1  2025     621    frsd                        0.000       0.000       0.000       0.000
     1     1     1  2025     622    hay                         0.000       0.000       0.000       0.000
     1     1     1  2025     623    frsd                        0.000       0.000       0.000       0.000
     1     1     1  2025     624    hay                         0.000       0.000       0.000       0.000
     1     1     1  2025     625    frsd                        0.000       0.000       0.000       0.000
     1     1     1  2025     626    hay                         0.000       0.000       0.000       0.000
     1     1     1  2025     627    hay                         0.000       0.000       0.000       0.000
     1     1     1  2025     630    hay                         0.000       0.000       0.000       0.000
     1     1     1  2025     631    agrr                        0.000       0.000       0.000       0.000
     1     1     1  2025     632    agrr                        0.000       0.000       0.000       0.000
     1     1     1  2025     633    agrr                        0.000       0.000       0.000       0.000
     1     1     1  2025     634    hay                         0.000       0.000       0.000       0.000
     1     1     1  2025     635    agrr                        0.000       0.000       0.000       0.000
     1     1     1  2025     639    rnge                        0.000       0.000       0.000       0.000
     1     1     1  2025     641    frst                        0.000       0.000       0.000       0.000
     1     1     1  2025     642    hay                         0.000       0.000       0.000       0.000
     1     1     1  2025     643    hay                         0.000       0.000       0.000       0.000
     1     1     1  2025     644    hay                         0.000       0.000       0.000       0.000
     1     1     1  2025     645    hay                         0.000       0.000       0.000       0.000
     1     1     1  2025     646    hay                         0.000       0.000       0.000       0.000
     1     1     1  2025     647    hay                         0.000       0.000       0.000       0.000
     1     1     1  2025     648    hay                         0.000       0.000       0.000       0.000
     1     1     1  2025     649    hay                         0.000       0.000       0.000       0.000
     1     1     1  2025     650    hay                         0.000       0.000       0.000       0.000
     1     1     1  2025     651    hay                         0.000       0.000       0.000       0.000
     1     1     1  2025     652    hay                         0.000       0.000       0.000       0.000
     1     1     1  2025     653    hay                         0.000       0.000       0.000       0.000
     1     1     1  2025     654    frsd                        0.000       0.000       0.000       0.000
     1     1     1  2025     655    frsd                        0.000       0.000       0.000       0.000
     1     1     1  2025     656    hay                         0.000       0.000       0.000       0.000
     1     1     1  2025     657    hay                         0.000       0.000       0.000       0.000
     1     1     1  2025     658    hay                         0.000       0.000       0.000       0.000
     1     1     1  2025     659    frsd                        0.000       0.000       0.000       0.000
     1     1     1  2025     660    hay                         0.000       0.000       0.000       0.000
     1     1     1  2025     661    hay                         0.000       0.000       0.000       0.000
     1     1     1  2025     662    hay                         0.000       0.000       0.000       0.000
     1     1     1  2025     663    hay                         0.000       0.000       0.000       0.000
     1     1     1  2025     664    hay                         0.000       0.000       0.000       0.000
     1     1     1  2025     665    hay                         0.000       0.000       0.000       0.000
