           1 cha001            0.0000000E+00  0.0000000E+00  3.7906792E-03
           2 cha002            0.0000000E+00  0.0000000E+00  3.8717847E-02
           3 cha003            0.0000000E+00  0.0000000E+00  3.7063506E-02
           4 cha004            0.0000000E+00  0.0000000E+00  4.4520959E-02
           5 cha005            0.0000000E+00  0.0000000E+00  2.3564350E-02
           6 cha006            0.0000000E+00  0.0000000E+00  1.3669161E-09
           7 cha007            0.0000000E+00  0.0000000E+00  4.7630679E-02
           8 cha008            0.0000000E+00  0.0000000E+00  2.3250734E-02
           9 cha009             10.67363      0.0000000E+00  0.0000000E+00
          10 cha010            0.0000000E+00  0.0000000E+00  0.1102249    
          11 cha011             31.92170      0.0000000E+00  0.0000000E+00
          12 cha012            0.0000000E+00  0.0000000E+00  1.2867664E-02
          13 cha013            0.0000000E+00  0.0000000E+00  0.0000000E+00
          14 cha014             11.66321      0.0000000E+00  0.0000000E+00
          15 cha015            0.0000000E+00  0.0000000E+00  9.6550090E-03
          16 cha016             36.36915      0.0000000E+00  0.0000000E+00
          17 cha017             46.16261      0.0000000E+00  0.0000000E+00
          18 cha018            0.0000000E+00  0.0000000E+00  1.4311385E-02
          19 cha019            0.0000000E+00  0.0000000E+00  9.9733934E-02
          20 cha020            0.0000000E+00  0.0000000E+00  2.5720507E-11
          21 cha021            0.0000000E+00  0.0000000E+00  1.2226131E-02
          22 cha022            0.0000000E+00  0.0000000E+00  1.1320989E-02
          23 cha023            0.0000000E+00  0.0000000E+00  4.5932150E-03
          24 cha024            0.0000000E+00  0.0000000E+00  2.6077814E-02
          25 cha025            0.0000000E+00  0.0000000E+00  1.3047440E-02
          26 cha026            0.0000000E+00  0.0000000E+00  6.6122599E-02
          27 cha027            0.0000000E+00  0.0000000E+00  3.8004335E-02
          28 cha028            0.0000000E+00  0.0000000E+00  9.8001055E-02
          29 cha029            0.0000000E+00  0.0000000E+00  4.7020409E-02
          30 cha030            0.0000000E+00  0.0000000E+00  0.1152722    
          31 cha031             6.944862      0.0000000E+00  0.0000000E+00
          32 cha032            0.0000000E+00  0.0000000E+00  0.1514469    
          33 cha033             3.969214      0.0000000E+00  0.0000000E+00
          34 cha034            0.0000000E+00  0.0000000E+00  3.7024319E-02
          35 cha035            0.0000000E+00  0.0000000E+00  4.5398016E-02
          36 cha036            0.0000000E+00  0.0000000E+00  8.1954628E-02
          37 cha037            0.0000000E+00  0.0000000E+00  0.1167640    
          38 cha038             6.567499      0.0000000E+00  0.0000000E+00
          39 cha039             6.928539      0.0000000E+00  0.0000000E+00
          40 cha040            0.0000000E+00  0.0000000E+00  3.5829145E-02
          41 cha041            0.0000000E+00  0.0000000E+00  9.8183960E-02
          42 cha042            0.0000000E+00  0.0000000E+00  3.3241965E-02
          43 cha043            0.0000000E+00  0.0000000E+00  6.3190907E-02
          44 cha044            0.0000000E+00  0.0000000E+00  0.0000000E+00
          45 cha045            0.0000000E+00  0.0000000E+00  0.0000000E+00
          46 cha046            0.0000000E+00  0.0000000E+00  8.2503155E-02
          47 cha047            0.0000000E+00  0.0000000E+00  0.1388338    
          48 cha048            0.0000000E+00  0.0000000E+00  6.4005710E-02
          49 cha049            0.0000000E+00  0.0000000E+00  0.1239382    
          50 cha050            0.0000000E+00  0.0000000E+00  0.2350301    
          51 cha051             11.62794      0.0000000E+00  0.0000000E+00
          52 cha052            0.0000000E+00  0.0000000E+00  2.1555446E-02
          53 cha053            0.0000000E+00  0.0000000E+00  0.1013287    
          54 cha054            0.0000000E+00  0.0000000E+00  7.9362407E-02
          55 cha055             12.02362      0.0000000E+00  0.0000000E+00
          56 cha056            0.0000000E+00  0.0000000E+00  0.0000000E+00
          57 cha057             12.05396      0.0000000E+00  0.0000000E+00
          58 cha058            0.0000000E+00  0.0000000E+00  0.0000000E+00
          59 cha059             7.701266      0.0000000E+00  0.0000000E+00
          60 cha060            0.0000000E+00  0.0000000E+00  4.3674204E-02
          61 cha061            0.0000000E+00  0.0000000E+00  0.1188726    
          62 cha062            0.0000000E+00  0.0000000E+00  6.1406162E-02
          63 cha063            0.0000000E+00  0.0000000E+00  3.1754602E-02
          64 cha064            0.0000000E+00  0.0000000E+00  2.9831784E-02
          65 cha065            0.0000000E+00  0.0000000E+00  3.1807754E-02
          66 cha066            0.0000000E+00  0.0000000E+00  3.0470593E-02
          67 cha067            0.0000000E+00  0.0000000E+00  2.3249106E-02
          68 cha068            0.0000000E+00  0.0000000E+00  2.2573078E-02
          69 cha069            0.0000000E+00  0.0000000E+00  1.1083166E-02
          70 cha070            0.0000000E+00  0.0000000E+00  1.1943515E-02
          71 cha071            0.0000000E+00  0.0000000E+00  3.3112429E-02
          72 cha072            0.0000000E+00  0.0000000E+00  5.9002675E-02
          73 cha073            0.0000000E+00  0.0000000E+00  7.8466177E-02
          74 cha074            0.0000000E+00  0.0000000E+00  6.9855340E-02
          75 cha075            0.0000000E+00  0.0000000E+00  7.8750983E-02
          76 cha076            0.0000000E+00  0.0000000E+00  4.7852453E-02
          77 cha077            0.0000000E+00  0.0000000E+00  5.1227439E-02
          78 cha078            0.0000000E+00  0.0000000E+00  6.1648421E-02
          79 cha079            0.0000000E+00  0.0000000E+00  6.9881134E-02
          80 cha080            0.0000000E+00  0.0000000E+00  6.8674877E-02
          81 cha081            0.0000000E+00  0.0000000E+00  9.1570482E-02
          82 cha082            0.0000000E+00  0.0000000E+00  6.1767917E-02
          83 cha083            0.0000000E+00  0.0000000E+00  4.8120257E-02
          84 cha084            0.0000000E+00  0.0000000E+00  4.9152218E-02
          85 cha085            0.0000000E+00  0.0000000E+00  5.1037546E-02
          86 cha086            0.0000000E+00  0.0000000E+00  1.0250993E-02
          87 cha087            0.0000000E+00  0.0000000E+00  8.5991338E-02
          88 cha088            0.0000000E+00  0.0000000E+00  0.1176182    
          89 cha089            0.0000000E+00  0.0000000E+00  0.1502751    
          90 cha090            0.0000000E+00  0.0000000E+00  0.1353821    
          91 cha091            0.0000000E+00  0.0000000E+00  0.1367935    
          92 cha092            0.0000000E+00  0.0000000E+00  2.2898633E-02
          93 cha093            0.0000000E+00  0.0000000E+00  0.1443221    
          94 cha094            0.0000000E+00  0.0000000E+00  6.8029419E-02
          95 cha095            0.0000000E+00  0.0000000E+00  2.2471657E-02
          96 cha096            0.0000000E+00  0.0000000E+00  2.8375143E-02
          97 cha097            0.0000000E+00  0.0000000E+00  4.7674876E-02
          98 cha098            0.0000000E+00  0.0000000E+00  4.8606478E-02
          99 cha099            0.0000000E+00  0.0000000E+00  4.2341705E-02
         100 cha100             8.462753      0.0000000E+00  0.0000000E+00
         101 cha101            0.0000000E+00  0.0000000E+00  0.1289218    
         102 cha102            0.0000000E+00  0.0000000E+00  5.2670632E-02
         103 cha103            0.0000000E+00  0.0000000E+00  7.5352803E-02
         104 cha104            0.0000000E+00  0.0000000E+00  7.8939557E-02
         105 cha105            0.0000000E+00  0.0000000E+00  9.1243513E-02
         106 cha106            0.0000000E+00  0.0000000E+00  0.4041776    
         107 cha107            0.0000000E+00  0.0000000E+00  6.9634989E-02
         108 cha108            0.0000000E+00  0.0000000E+00  0.0000000E+00
         109 cha109             5.222220      0.0000000E+00  0.0000000E+00
         110 cha110            0.0000000E+00  0.0000000E+00  7.3646851E-02
         111 cha111             20.65416      0.0000000E+00  0.0000000E+00
         112 cha112            0.0000000E+00  0.0000000E+00  0.2508832    
         113 cha113            0.0000000E+00  0.0000000E+00  5.6056380E-02
         114 cha114            0.0000000E+00  0.0000000E+00  3.9398000E-02
         115 cha115            0.0000000E+00  0.0000000E+00  8.4160618E-02
         116 cha116            0.0000000E+00  0.0000000E+00  0.0000000E+00
         117 cha117            0.0000000E+00  0.0000000E+00  6.8254501E-02
         118 cha118            0.0000000E+00  0.0000000E+00  6.1180584E-02
         119 cha119            0.0000000E+00  0.0000000E+00  2.7497817E-02
         120 cha120            0.0000000E+00  0.0000000E+00  8.6551107E-02
         121 cha121             8.567570      0.0000000E+00  0.0000000E+00
         122 cha122             15.65172      0.0000000E+00  0.0000000E+00
         123 cha123            0.0000000E+00  0.0000000E+00  0.1949973    
         124 cha124            0.0000000E+00  0.0000000E+00  0.0000000E+00
         125 cha125            0.0000000E+00  0.0000000E+00  0.4440217    
         126 cha126            0.0000000E+00  0.0000000E+00  8.0919646E-02
         127 cha127            0.0000000E+00  0.0000000E+00  7.6125555E-02
         128 cha128            0.0000000E+00  0.0000000E+00  0.1465688    
         129 cha129            0.0000000E+00  0.0000000E+00  1.3961060E-02
         130 cha130             85.77838      0.0000000E+00  0.0000000E+00
         131 cha131            0.0000000E+00  0.0000000E+00  6.1813436E-02
         132 cha132             7.021861      0.0000000E+00  0.0000000E+00
         133 cha133             64.87234      0.0000000E+00  0.0000000E+00
         134 cha134             36.50362      0.0000000E+00  0.0000000E+00
         135 cha135            0.0000000E+00  0.0000000E+00  0.1770601    
         136 cha136            0.0000000E+00  0.0000000E+00  4.7759078E-02
         137 cha137            0.0000000E+00  0.0000000E+00  0.1874469    
         138 cha138            0.0000000E+00  0.0000000E+00  0.1517083    
         139 cha139            0.0000000E+00  0.0000000E+00  0.0000000E+00
         140 cha140             94.59920      0.0000000E+00  0.0000000E+00
         141 cha141            0.0000000E+00  0.0000000E+00  0.1244856    
         142 cha142             8.544201      0.0000000E+00  0.0000000E+00
         143 cha143            0.0000000E+00  0.0000000E+00  0.0000000E+00
         144 cha144            0.0000000E+00  0.0000000E+00  0.2069526    
         145 cha145            0.0000000E+00  0.0000000E+00  6.2204417E-02
         146 cha146            0.0000000E+00  0.0000000E+00  3.2502893E-08
         147 cha147            0.0000000E+00  0.0000000E+00  4.0741611E-02
         148 cha148            0.0000000E+00  0.0000000E+00  4.2017099E-02
         149 cha149            0.0000000E+00  0.0000000E+00  0.1705241    
         150 cha150            0.0000000E+00  0.0000000E+00  0.1348980    
         151 cha151            0.0000000E+00  0.0000000E+00  0.1278145    
         152 cha152            0.0000000E+00  0.0000000E+00  0.1369468    
         153 cha153            0.0000000E+00  0.0000000E+00  9.2965655E-02
         154 cha154            0.0000000E+00  0.0000000E+00  0.1021735    
         155 cha155            0.0000000E+00  0.0000000E+00  0.1096292    
         156 cha156            0.0000000E+00  0.0000000E+00  0.1190604    
         157 cha157            0.0000000E+00  0.0000000E+00  3.0010667E-02
         158 cha158            0.0000000E+00  0.0000000E+00  1.8413572E-02
         159 cha159            0.0000000E+00  0.0000000E+00  7.4876077E-02
         160 cha160            0.0000000E+00  0.0000000E+00  5.4126281E-02
         161 cha161            0.0000000E+00  0.0000000E+00  5.7762560E-02
         162 cha162            0.0000000E+00  0.0000000E+00  0.9283725    
         163 cha163             16.18306      0.0000000E+00  0.0000000E+00
         164 cha164            0.0000000E+00  0.0000000E+00  8.6016566E-02
         165 cha165            0.0000000E+00  0.0000000E+00   1.784768    
         166 cha166            0.0000000E+00  0.0000000E+00  1.6752621E-02
         167 cha167            0.0000000E+00  0.0000000E+00  0.1540174    
         168 cha168             8.281470      0.0000000E+00  0.0000000E+00
         169 cha169            0.0000000E+00  0.0000000E+00  0.1541753    
         170 cha170            0.0000000E+00  0.0000000E+00  0.1474601    
         171 cha171            0.0000000E+00  0.0000000E+00  0.1411958    
         172 cha172            0.0000000E+00  0.0000000E+00  0.1652358    
         173 cha173            0.0000000E+00  0.0000000E+00  7.3719643E-02
         174 cha174            0.0000000E+00  0.0000000E+00  5.2187774E-02
         175 cha175            0.0000000E+00  0.0000000E+00  0.1252982    
         176 cha176            0.0000000E+00  0.0000000E+00  5.0814405E-02
         177 cha177             5.022187      0.0000000E+00  0.0000000E+00
         178 cha178             12.57577      0.0000000E+00  0.0000000E+00
         179 cha179             8.797294      0.0000000E+00  0.0000000E+00
         180 cha180            0.0000000E+00  0.0000000E+00  0.1568610    
         181 cha181            0.0000000E+00  0.0000000E+00  8.5755520E-02
         182 cha182            0.0000000E+00  0.0000000E+00  0.0000000E+00
         183 cha183            0.0000000E+00  0.0000000E+00  0.1073447    
         184 cha184            0.0000000E+00  0.0000000E+00  0.0000000E+00
         185 cha185             57.80099      0.0000000E+00  0.0000000E+00
         186 cha186            0.0000000E+00  0.0000000E+00  0.0000000E+00
         187 cha187            0.0000000E+00  0.0000000E+00  0.1370096    
         188 cha188            0.0000000E+00  0.0000000E+00  0.2401262    
         189 cha189             68.58026      0.0000000E+00  0.0000000E+00
         190 cha190             18.70840      0.0000000E+00  0.0000000E+00
         191 cha191             7.839533      0.0000000E+00  0.0000000E+00
         192 cha192            0.0000000E+00  0.0000000E+00  5.3445149E-02
         193 cha193            0.0000000E+00  0.0000000E+00  0.1642668    
         194 cha194            0.0000000E+00  0.0000000E+00   1.821254    
         195 cha195            0.0000000E+00  0.0000000E+00  1.7353572E-02
         196 cha196            0.0000000E+00  0.0000000E+00  0.0000000E+00
         197 cha197            0.0000000E+00  0.0000000E+00  0.0000000E+00
         198 cha198            0.0000000E+00  0.0000000E+00  0.1372494    
         199 cha199            0.0000000E+00  0.0000000E+00  9.2396237E-02
         200 cha200             26.90857      0.0000000E+00  0.0000000E+00
         201 cha201            0.0000000E+00  0.0000000E+00  0.1122356    
         202 cha202            0.0000000E+00  0.0000000E+00  0.1264132    
         203 cha203            0.0000000E+00  0.0000000E+00  9.0518028E-02
         204 cha204            0.0000000E+00  0.0000000E+00  9.4840966E-02
         205 cha205            0.0000000E+00  0.0000000E+00  9.9836767E-02
         206 cha206            0.0000000E+00  0.0000000E+00  0.1100913    
         207 cha207            0.0000000E+00  0.0000000E+00  9.4781809E-02
         208 cha208            0.0000000E+00  0.0000000E+00  5.8675922E-02
         209 cha209            0.0000000E+00  0.0000000E+00  0.1156041    
         210 cha210            0.0000000E+00  0.0000000E+00  8.7093830E-02
         211 cha211            0.0000000E+00  0.0000000E+00  6.4093038E-02
         212 cha212             25.87494      0.0000000E+00  0.0000000E+00
         213 cha213            0.0000000E+00  0.0000000E+00  0.1682865    
         214 cha214            0.0000000E+00  0.0000000E+00  0.1988585    
         215 cha215            0.0000000E+00  0.0000000E+00  5.1912721E-02
         216 cha216            0.0000000E+00  0.0000000E+00  0.0000000E+00
         217 cha217            0.0000000E+00  0.0000000E+00  4.2723265E-02
         218 cha218             9.982579      0.0000000E+00  0.0000000E+00
         219 cha219            0.0000000E+00  0.0000000E+00  0.1935165    
         220 cha220            0.0000000E+00  0.0000000E+00  0.0000000E+00
         221 cha221            0.0000000E+00  0.0000000E+00  6.5519355E-02
         222 cha222             15.76952      0.0000000E+00  0.0000000E+00
         223 cha223             21.05750      0.0000000E+00  0.0000000E+00
         224 cha224            0.0000000E+00  0.0000000E+00  0.1147509    
         225 cha225             7.756493      0.0000000E+00  0.0000000E+00
         226 cha226            0.0000000E+00  0.0000000E+00  0.0000000E+00
         227 cha227             21.12392      0.0000000E+00  0.0000000E+00
         228 cha228             76.05214      0.0000000E+00  0.0000000E+00
         229 cha229             60.74538      0.0000000E+00  0.0000000E+00
         230 cha230            0.0000000E+00  0.0000000E+00  0.0000000E+00
         231 cha231            0.0000000E+00  0.0000000E+00  6.1851732E-02
         232 cha232             11.45468      0.0000000E+00  0.0000000E+00
         233 cha233             19.32134      0.0000000E+00  0.0000000E+00
         234 cha234            0.0000000E+00  0.0000000E+00  8.1359267E-02
         235 cha235            0.0000000E+00  0.0000000E+00  5.2403271E-02
         236 cha236            0.0000000E+00  0.0000000E+00  7.2463714E-02
         237 cha237            0.0000000E+00  0.0000000E+00  0.1553259    
         238 cha238             34.65322      0.0000000E+00  0.0000000E+00
         239 cha239             5.941997      0.0000000E+00  0.0000000E+00
         240 cha240            0.0000000E+00  0.0000000E+00  2.3147624E-02
         241 cha241            0.0000000E+00  0.0000000E+00  5.6830697E-02
         242 cha242            0.0000000E+00  0.0000000E+00  6.3255355E-02
         243 cha243            0.0000000E+00  0.0000000E+00  6.3885622E-02
         244 cha244            0.0000000E+00  0.0000000E+00  7.1109071E-02
         245 cha245            0.0000000E+00  0.0000000E+00  8.5134931E-02
         246 cha246            0.0000000E+00  0.0000000E+00  0.2899519    
         247 cha247             11.18402      0.0000000E+00  0.0000000E+00
         248 cha248             26.44128      0.0000000E+00  0.0000000E+00
         249 cha249            0.0000000E+00  0.0000000E+00  0.0000000E+00
         250 cha250            0.0000000E+00  0.0000000E+00  2.2574129E-02
         251 cha251            0.0000000E+00  0.0000000E+00  0.1182430    
         252 cha252            0.0000000E+00  0.0000000E+00  4.4236738E-02
         253 cha253            0.0000000E+00  0.0000000E+00  0.0000000E+00
         254 cha254             8.137398      0.0000000E+00  0.0000000E+00
         255 cha255             8.498462      0.0000000E+00  0.0000000E+00
         256 cha256            0.0000000E+00  0.0000000E+00  0.0000000E+00
         257 cha257            0.0000000E+00  0.0000000E+00  5.9574060E-02
         258 cha258             5.814974      0.0000000E+00  0.0000000E+00
         259 cha259             5.252240      0.0000000E+00  0.0000000E+00
         260 cha260            0.0000000E+00  0.0000000E+00  0.0000000E+00
         261 cha261             13.72940      0.0000000E+00  0.0000000E+00
         262 cha262             11.12821      0.0000000E+00  0.0000000E+00
         263 cha263            0.0000000E+00  0.0000000E+00  0.1946226    
         264 cha264            0.0000000E+00  0.0000000E+00  0.0000000E+00
         265 cha265             6.788689      0.0000000E+00  0.0000000E+00
         266 cha266             7.568249      0.0000000E+00  0.0000000E+00
         267 cha267             5.023475      0.0000000E+00  0.0000000E+00
         268 cha268             12.33633      0.0000000E+00  0.0000000E+00
         269 cha269             19.27390      0.0000000E+00  0.0000000E+00
         270 cha270             89.30579      0.0000000E+00  0.0000000E+00
         271 cha271            0.0000000E+00  0.0000000E+00  0.0000000E+00
         272 cha272             10.01629      0.0000000E+00  0.0000000E+00
         273 cha273            0.0000000E+00  0.0000000E+00  0.1516016    
         274 cha274             8.224058      0.0000000E+00  0.0000000E+00
         275 cha275            0.0000000E+00  0.0000000E+00  4.9472954E-02
         276 cha277            0.0000000E+00  0.0000000E+00  0.1336998    
         277 cha278            0.0000000E+00  0.0000000E+00  0.1339962    
         278 cha279            0.0000000E+00  0.0000000E+00  0.1501641    
         279 cha280            0.0000000E+00  0.0000000E+00  4.9726460E-02
         280 cha281            0.0000000E+00  0.0000000E+00  5.1282220E-02
         281 cha282            0.0000000E+00  0.0000000E+00  0.0000000E+00
         282 cha283            0.0000000E+00  0.0000000E+00  0.0000000E+00
         283 cha284            0.0000000E+00  0.0000000E+00  0.0000000E+00
         284 cha285            0.0000000E+00  0.0000000E+00  0.0000000E+00
         285 cha286            0.0000000E+00  0.0000000E+00  0.0000000E+00
         286 cha287            0.0000000E+00  0.0000000E+00  0.0000000E+00
         287 cha288            0.0000000E+00  0.0000000E+00  0.0000000E+00
         288 cha289            0.0000000E+00  0.0000000E+00  0.0000000E+00
         289 cha290            0.0000000E+00  0.0000000E+00  0.0000000E+00
         290 cha291            0.0000000E+00  0.0000000E+00  0.0000000E+00
         291 cha292            0.0000000E+00  0.0000000E+00  0.0000000E+00
         292 cha293            0.0000000E+00  0.0000000E+00  0.0000000E+00
         293 cha294            0.0000000E+00  0.0000000E+00  0.0000000E+00
         294 cha295            0.0000000E+00  0.0000000E+00  0.0000000E+00
         295 cha296            0.0000000E+00  0.0000000E+00  0.0000000E+00
         296 cha297            0.0000000E+00  0.0000000E+00  0.0000000E+00
         297 cha298            0.0000000E+00  0.0000000E+00  0.0000000E+00
         298 cha299            0.0000000E+00  0.0000000E+00  8.0549926E-02
         299 cha300            0.0000000E+00  0.0000000E+00  0.0000000E+00
         300 cha301            0.0000000E+00  0.0000000E+00  0.0000000E+00
         301 cha302            0.0000000E+00  0.0000000E+00  0.0000000E+00
         302 cha303            0.0000000E+00  0.0000000E+00  0.2433494    
         303 cha304            0.0000000E+00  0.0000000E+00  0.0000000E+00
         304 cha305             5.230479      0.0000000E+00  0.0000000E+00
         305 cha306            0.0000000E+00  0.0000000E+00  0.0000000E+00
         306 cha307             18.04881      0.0000000E+00  0.0000000E+00
         307 cha308            0.0000000E+00  0.0000000E+00  0.0000000E+00
         308 cha309            0.0000000E+00  0.0000000E+00  0.0000000E+00
         309 cha310            0.0000000E+00  0.0000000E+00  0.0000000E+00
         310 cha311            0.0000000E+00  0.0000000E+00  0.0000000E+00
         311 cha312             5.934663      0.0000000E+00  0.0000000E+00
         312 cha313             7.770679      0.0000000E+00  0.0000000E+00
         313 cha314             10.60421      0.0000000E+00  0.0000000E+00
         314 cha315            0.0000000E+00  0.0000000E+00  0.0000000E+00
         315 cha316             7.121378      0.0000000E+00  0.0000000E+00
         316 cha317             5.906553      0.0000000E+00  0.0000000E+00
         317 cha318             7.565555      0.0000000E+00  0.0000000E+00
         318 cha319            0.0000000E+00  0.0000000E+00  0.0000000E+00
         319 cha320            0.0000000E+00  0.0000000E+00  0.0000000E+00
         320 cha321             13.21966      0.0000000E+00  0.0000000E+00
         321 cha322            0.0000000E+00  0.0000000E+00  7.2268263E-02
         322 cha323             10.03341      0.0000000E+00  0.0000000E+00
         323 cha324             8.985178      0.0000000E+00  0.0000000E+00
         324 cha325             9.256814      0.0000000E+00  0.0000000E+00
         325 cha326            0.0000000E+00  0.0000000E+00  0.0000000E+00
         326 cha327             11.21122      0.0000000E+00  0.0000000E+00
         327 cha328             14.56938      0.0000000E+00  0.0000000E+00
         328 cha329             18.81275      0.0000000E+00  0.0000000E+00
         329 cha330             11.06163      0.0000000E+00  0.0000000E+00
         330 cha331             11.80955      0.0000000E+00  0.0000000E+00
         331 cha332             27.80601      0.0000000E+00  0.0000000E+00
         332 cha333             17.99610      0.0000000E+00  0.0000000E+00
         333 cha334             8.102745      0.0000000E+00  0.0000000E+00
         334 cha335             34.77495      0.0000000E+00  0.0000000E+00
         335 cha336            0.0000000E+00  0.0000000E+00  0.0000000E+00
         336 cha337             14.71689      0.0000000E+00  0.0000000E+00
         337 cha338            0.0000000E+00  0.0000000E+00  0.0000000E+00
         338 cha339            0.0000000E+00  0.0000000E+00   1.824794    
         339 cha340            0.0000000E+00  0.0000000E+00  0.7721314    
         340 cha341             21.41112      0.0000000E+00  0.0000000E+00
